491874152
58178923
308664659
414034029
244052034
585755539
216980301
605861324
5595070
784450023
912311459
447161343
986377789
402823754
518041142
329867864
965388977
346440952
206014636
784598132
657025632
567262979
932803966
958547188
687830024
77622722
751521523
804937105
499074810
559744428
254030020
462208150
953074455
897845783
211393276
668385677
123842260
68614522
914487946
932486155
324323733
629848216
850906686
950942467
809021006
704098925
752069519
109561073
884919594
598325100
534400150
13204407
137618647
301583826
384980102
465689616
850465743
834773251
741885909
820799741
865776867
967946504
618158988
790881890
506033225
469793209
99508505
101134673
9666919
485255639
504880016
306021227
755344800
690937799
728222882
899516903
171385753
120533339
843457693
391456444
690889014
849117031
44901796
299766849
122731425
765033002
931625812
444456356
71065434
313752659
600407194
271993398
752958351
858807127
839224324
730250764
799859524
273883926
166536534
144677540
36259981
837585897
90939712
957774128
168764634
459403539
497531969
675301491
746106225
812248850
843106971
77236177
996516978
359267955
848262221
590507591
900649993
115039123
733235573
306866524
900050977
441781426
355208958
625039896
771847741
529584379
690441757
906858362
216696812
328237479
522795090
87336510
442943792
390083838
685351583
82967614
184638474
654142740
534618141
402003887
801542687
75996731
950499259
133210755
712385109
133912570
363959291
311306721
25300729
568454052
