491874152
887788863
405029890
584424096
755222235
415365472
705810107
679886160
324034809
443669889
401141258
276771276
156767849
743603888
688431209
915062901
380193940
857611153
865234509
369793162
583000796
56092778
517998996
276986920
6269756
833207826
847886754
975327172
669464877
633769264
572469759
632598217
856709224
312650746
966978380
83190640
783062133
313029425
403317745
273266282
227958502
970628350
21296746
24967296
905386237
44879052
411289385
620731274
373749393
916764839
630765381
428009377
308008714
620023565
481345333
369324385
924490579
79188147
815910745
65214637
184216599
723531601
447768921
376076920
91228255
54988239
99508505
345549576
839276859
974085445
90075046
817191428
999759703
446522896
313417912
240297030
682555954
779753212
332287492
391456444
31669141
849117031
874511736
225742013
804291693
691008166
761235745
614846423
241455501
217387428
15212157
760823204
826983187
103222023
913249160
389470630
629469457
347908762
70171303
218702376
377040115
326415696
676134749
542969158
413179537
629793606
423507133
430886588
575716158
227053813
13497031
662431214
411321941
359267955
359432415
101677785
826625157
455819257
51675305
818036725
144465873
538146657
355208958
306600157
527432838
18414178
31221884
492053392
142671976
572652382
182014956
990971286
539309023
634498741
174181382
838552718
14248407
68947703
45788335
61223753
45957583
394436470
194914155
792430628
393945370
889497674
534349358
970526594
121665960
57283851
