100
10 4
0010
1000
0010
1010
0111
0001
0101
1111
0000
0101
6 9
011011101
011101101
011010000
111100001
111111101
110000011
6 7
1001011
0011010
0111010
1110001
1110001
0000100
3 1
1
0
0
8 6
100100
010101
110000
000001
011101
000000
101111
101111
2 4
0010
1111
1 4
0111
4 9
100011100
100000000
001000011
101010000
1 6
111111
4 8
11101101
11111100
10000101
00100111
4 10
0101011110
1101001000
0111011000
1011110001
6 6
101100
101010
000101
011011
101100
001100
6 7
0000101
0001000
1101101
0011010
0010010
1011000
10 2
00
11
11
10
11
11
11
11
00
00
9 1
1
1
1
0
1
0
0
1
0
5 8
00011110
10101010
00100011
11011000
00110000
1 5
01000
3 10
1000101000
1100010110
0100110000
5 6
010011
110010
000001
101110
111010
2 2
00
00
6 5
10011
11111
01011
10111
01001
01110
7 3
101
110
011
001
110
001
000
7 4
1000
0011
0111
1000
1110
0010
0001
10 5
01011
01000
00100
10010
00111
11101
00100
10011
01111
01000
10 1
0
1
1
0
1
1
1
0
1
0
10 8
01110010
01100101
00010100
10111101
11010001
00010101
11001111
01011000
01111111
00010010
6 8
01110111
11011000
01010010
01010101
11010111
11001101
4 7
1111011
0010111
0000110
0111011
4 10
0000100000
0000000000
1010000100
0100101000
8 5
10111
10010
01111
01010
01110
10110
11011
01010
6 10
1111111111
0100011111
0011111101
1100011101
1000100000
0101000101
5 7
0010001
1110010
0100110
1001111
1111011
9 8
00110000
10101111
00001001
10011001
00101001
11000010
10101110
00101101
11001011
6 6
100110
010001
000110
001111
111011
000111
6 3
001
010
011
111
011
101
7 1
0
1
0
1
1
0
1
3 7
0010001
1010101
1011010
7 5
11100
00011
11111
10011
00001
11110
11101
6 3
000
011
001
101
111
000
5 9
011011001
110001011
110011110
001100110
100010010
2 7
0000100
1111010
3 10
0011100000
1111001000
1101001101
5 3
011
111
011
010
011
8 1
0
0
0
0
0
1
0
0
4 6
001101
001011
010001
010000
1 10
1010001010
7 5
00010
00001
00010
11011
10100
01001
00010
7 5
11011
00101
11100
11010
11110
11110
11110
9 3
111
110
101
100
101
100
101
110
011
4 2
01
11
00
10
6 6
000100
011010
110010
100110
100011
001111
7 10
1010101000
1010100001
1011101010
0010001000
0101000010
0110100000
1011101010
7 7
0010100
0001111
1000100
0110100
1000010
1011110
1011100
8 1
1
0
0
1
1
0
1
1
7 6
010011
100010
110000
100010
111110
100001
001000
8 4
0001
1110
0101
0001
1011
0110
1101
1000
7 6
111000
101101
101100
000110
110101
001100
010110
5 9
001010010
110101010
010000000
000100001
111100101
2 3
000
110
8 8
00111010
00010010
00111101
10101000
01101000
10101101
11001011
11101101
10 2
10
00
11
10
01
11
11
10
10
11
10 10
1110001011
0111110111
0110000101
0101011011
0000000101
0100001101
0110110101
1011000001
0001010010
1011111101
4 9
111110000
010110110
011101000
101110000
2 8
11010101
10011001
3 8
11010100
00010101
00001010
10 5
00111
11101
10101
11100
11010
01110
00010
01001
01011
11001
4 3
101
111
100
010
10 10
1110101001
1110110011
1001010000
0001111010
1110111001
0111101001
0000111101
1001110000
0010010101
1011101010
6 2
11
01
10
10
11
10
2 6
010011
011111
9 3
010
100
001
101
110
111
000
001
011
5 3
011
011
111
000
001
8 3
111
010
001
100
011
010
010
110
5 7
1110100
1100000
0100110
1100001
1000111
1 3
000
3 7
1110111
0100001
1110000
5 3
100
101
100
100
100
1 10
1101111100
3 9
000111110
111101101
110101010
3 3
010
100
010
8 9
000001110
010100010
001101000
010100111
001110000
010001011
110011111
000000100
7 7
0101011
0011110
1001000
0111011
1000011
1000111
0100101
7 3
101
101
110
100
100
001
001
6 10
1110110000
0000100100
1100011111
1110100011
0100111100
0000001010
1 2
11
7 9
101101110
110001110
100001010
110010000
101100101
111010101
010001110
3 7
0000010
0100111
0011000
7 3
010
001
010
101
000
011
111
2 7
1100110
1010001
5 3
011
101
010
111
100
2 10
1001111001
1101010111
10 3
011
001
101
101
100
010
011
111
100
010
6 1
0
0
0
0
0
1
5 7
0100101
1101101
0010001
0000101
1011101
6 6
101000
110010
100111
001101
011111
110010
4 7
1010001
1010010
0101010
0111101
5 6
111111
111000
100011
110000
011110
5 5
11101
01101
10011
01101
01101
9 2
11
10
01
01
01
11
00
01
01
8 3
111
011
001
111
110
100
011
011
