Caso #1: 464
44 49 64 54 52 51 52 45 53
Caso #2: 3546
378 413 406 379 387 397 391 403 392
Caso #3: 298
33 33 34 39 31 31 33 35 29
Caso #4: 547
57 76 62 64 65 51 58 59 55
Caso #5: 2368
258 259 263 253 285 260 256 278 256
Caso #6: 65
7 6 5 8 10 6 8 5 10
Caso #7: 2347
239 275 253 276 275 278 270 246 235
Caso #8: 1650
185 185 185 178 181 187 181 181 187
Caso #9: 2864
317 336 315 304 298 319 330 322 323
Caso #10: 328
33 44 42 33 30 40 30 35 41
Caso #11: 978
112 122 111 105 111 103 105 103 106
Caso #12: 1858
218 198 196 204 221 201 216 211 193
Caso #13: 810
100 91 86 88 93 80 94 86 92
Caso #14: 3131
341 351 350 364 332 337 369 357 330
Caso #15: 3950
444 467 443 421 445 444 424 431 431
Caso #16: 189
19 18 26 22 19 19 23 17 26
Caso #17: 2683
287 303 316 292 308 300 300 286 291
Caso #18: 3988
442 436 461 477 458 427 457 429 401
Caso #19: 112
10 11 13 13 13 13 15 11 13
Caso #20: 3812
406 424 429 448 440 429 422 407 407
Caso #21: 3405
373 405 369 377 358 384 377 387 375
Caso #22: 1009
113 114 127 107 112 118 104 101 113
Caso #23: 4078
448 438 452 452 464 450 446 458 470
Caso #24: 292
27 34 35 28 37 37 35 34 25
Caso #25: 1608
186 166 178 181 187 191 165 176 178
Caso #26: 87
10 9 11 10 10 7 8 12 10
Caso #27: 29
4 4 3 4 3 2 3 3 3
Caso #28: 1708
187 186 197 212 183 173 184 195 191
Caso #29: 1371
161 134 150 144 152 145 161 169 155
Caso #30: 1465
152 167 152 162 171 166 165 167 163
Caso #31: 4478
497 522 491 477 492 500 503 481 515
Caso #32: 4259
480 444 468 492 467 468 497 465 478
Caso #33: 494
51 51 62 59 57 52 61 46 55
Caso #34: 5725
613 649 651 661 662 644 618 634 593
Caso #35: 564
61 68 59 62 67 62 59 73 53
Caso #36: 2191
249 229 246 247 244 237 246 253 240
Caso #37: 3284
367 356 373 369 370 359 363 357 370
Caso #38: 1776
194 192 202 195 192 200 198 199 204
Caso #39: 4262
484 476 485 465 488 449 473 468 474
Caso #40: 637
70 65 71 70 67 66 76 71 81
Caso #41: 971
115 97 115 101 104 104 101 115 119
Caso #42: 333
34 36 39 38 38 42 35 34 37
Caso #43: 668
71 81 65 73 65 81 84 73 75
Caso #44: 967
105 107 103 113 116 105 114 96 108
Caso #45: 94
10 14 8 10 12 13 12 8 7
Caso #46: 567
60 65 67 60 66 64 60 62 63
Caso #47: 1744
199 199 180 205 207 183 186 193 192
Caso #48: 1449
160 157 164 160 169 154 164 158 163
Caso #49: 2522
282 281 273 277 286 265 274 289 295
Caso #50: 192
27 17 19 20 18 19 24 25 23
Caso #51: 4582
494 513 510 501 509 495 539 512 509
Caso #52: 779
92 86 79 82 89 84 95 88 84
Caso #53: 347
42 36 36 41 35 43 41 38 35
Caso #54: 401
53 45 42 41 43 44 50 46 37
Caso #55: 1563
179 186 187 175 175 169 159 173 160
Caso #56: 2252
279 250 249 239 240 246 235 256 258
Caso #57: 318
39 29 40 32 39 34 32 39 34
Caso #58: 360
44 43 35 39 45 43 42 38 31
Caso #59: 1155
133 126 123 129 145 121 128 137 113
Caso #60: 154
17 17 13 19 16 14 25 14 19
Caso #61: 682
87 81 72 83 81 68 66 72 72
Caso #62: 2936
322 326 330 301 332 319 338 337 331
Caso #63: 713
75 84 80 74 72 84 80 92 72
Caso #64: 322
41 32 36 33 32 35 38 32 43
Caso #65: 3400
375 380 381 386 383 360 369 374 392
Caso #66: 1633
172 183 190 188 194 174 175 178 179
Caso #67: 3037
356 337 336 336 325 339 337 350 321
Caso #68: 1181
120 136 135 125 138 137 129 133 128
Caso #69: 1530
197 181 169 165 160 170 175 155 158
Caso #70: 2555
290 280 292 294 281 284 267 281 286
Caso #71: 1836
182 220 211 205 211 188 197 210 212
Caso #72: 5106
561 569 571 585 571 558 566 568 557
Caso #73: 930
83 120 108 102 112 101 102 93 109
Caso #74: 2025
223 237 215 223 216 239 238 217 217
Caso #75: 387
38 46 39 45 52 47 43 34 43
Caso #76: 2492
285 283 253 274 284 287 263 274 289
Caso #77: 489
51 59 58 57 52 56 43 54 59
Caso #78: 110
15 9 13 15 11 12 16 7 12
Caso #79: 121
14 17 10 13 13 9 12 17 16
Caso #80: 475
49 60 59 52 57 45 57 43 53
Caso #81: 1079
134 114 128 118 115 127 117 117 109
Caso #82: 476
55 52 57 52 54 48 56 49 53
Caso #83: 3366
368 368 380 369 367 383 384 398 349
Caso #84: 3039
344 336 340 324 336 340 334 346 339
Caso #85: 1819
203 201 198 200 195 211 207 215 189
Caso #86: 65
9 8 6 6 5 9 4 9 9
Caso #87: 3684
420 414 420 416 411 405 412 406 380
Caso #88: 804
94 99 90 82 87 82 76 96 98
Caso #89: 217
19 28 29 28 21 23 25 20 24
Caso #90: 2358
266 272 267 259 263 261 254 257 259
Caso #91: 19
3 2 1 1 3 2 2 3 2
Caso #92: 3853
420 436 438 440 422 441 407 428 421
Caso #93: 1634
189 184 181 187 181 175 179 180 178
Caso #94: 474
46 57 53 60 46 47 50 67 48
Caso #95: 2802
297 346 301 316 311 316 303 300 312
Caso #96: 668
65 78 85 71 71 69 72 78 79
Caso #97: 602
65 69 68 65 59 70 66 66 74
Caso #98: 588
59 55 69 72 66 71 61 66 69
Caso #99: 862
89 97 89 90 103 94 96 95 109
Caso #100: 87
11 9 7 8 12 10 9 10 11
