Caso #1: 5
5 0 0 0 0 0 0 0 0
Caso #2: 2
2 0 0 0 0 0 0 0 0
Caso #3: 4
4 0 0 0 0 0 0 0 0
Caso #4: 1
1 0 0 0 0 0 0 0 0
Caso #5: 7
7 0 0 0 0 0 0 0 0
Caso #6: 1
1 0 0 0 0 0 0 0 0
Caso #7: 1
1 0 0 0 0 0 0 0 0
Caso #8: 6
6 0 0 0 0 0 0 0 0
Caso #9: 1
1 0 0 0 0 0 0 0 0
Caso #10: 3
3 0 0 0 0 0 0 0 0
Caso #11: 2
2 0 0 0 0 0 0 0 0
Caso #12: 2
2 0 0 0 0 0 0 0 0
Caso #13: 3
3 0 0 0 0 0 0 0 0
Caso #14: 1
1 0 0 0 0 0 0 0 0
Caso #15: 3
3 0 0 0 0 0 0 0 0
Caso #16: 2
2 0 0 0 0 0 0 0 0
Caso #17: 1
1 0 0 0 0 0 0 0 0
Caso #18: 2
2 0 0 0 0 0 0 0 0
Caso #19: 2
2 0 0 0 0 0 0 0 0
Caso #20: 0
0 0 0 0 0 0 0 0 0
Caso #21: 1
1 0 0 0 0 0 0 0 0
Caso #22: 1
1 0 0 0 0 0 0 0 0
Caso #23: 2
2 0 0 0 0 0 0 0 0
Caso #24: 3
3 0 0 0 0 0 0 0 0
Caso #25: 3
3 0 0 0 0 0 0 0 0
Caso #26: 1
1 0 0 0 0 0 0 0 0
Caso #27: 1
1 0 0 0 0 0 0 0 0
Caso #28: 1
1 0 0 0 0 0 0 0 0
Caso #29: 4
4 0 0 0 0 0 0 0 0
Caso #30: 1
1 0 0 0 0 0 0 0 0
Caso #31: 3
3 0 0 0 0 0 0 0 0
Caso #32: 1
1 0 0 0 0 0 0 0 0
Caso #33: 3
3 0 0 0 0 0 0 0 0
Caso #34: 2
2 0 0 0 0 0 0 0 0
Caso #35: 1
1 0 0 0 0 0 0 0 0
Caso #36: 3
3 0 0 0 0 0 0 0 0
Caso #37: 2
2 0 0 0 0 0 0 0 0
Caso #38: 1
1 0 0 0 0 0 0 0 0
Caso #39: 1
1 0 0 0 0 0 0 0 0
Caso #40: 2
2 0 0 0 0 0 0 0 0
Caso #41: 1
1 0 0 0 0 0 0 0 0
Caso #42: 3
3 0 0 0 0 0 0 0 0
Caso #43: 1
1 0 0 0 0 0 0 0 0
Caso #44: 1
1 0 0 0 0 0 0 0 0
Caso #45: 1
1 0 0 0 0 0 0 0 0
Caso #46: 4
4 0 0 0 0 0 0 0 0
Caso #47: 2
2 0 0 0 0 0 0 0 0
Caso #48: 1
1 0 0 0 0 0 0 0 0
Caso #49: 2
2 0 0 0 0 0 0 0 0
Caso #50: 2
2 0 0 0 0 0 0 0 0
Caso #51: 1
1 0 0 0 0 0 0 0 0
Caso #52: 8
8 0 0 0 0 0 0 0 0
Caso #53: 2
2 0 0 0 0 0 0 0 0
Caso #54: 3
3 0 0 0 0 0 0 0 0
Caso #55: 3
3 0 0 0 0 0 0 0 0
Caso #56: 1
1 0 0 0 0 0 0 0 0
Caso #57: 2
2 0 0 0 0 0 0 0 0
Caso #58: 5
5 0 0 0 0 0 0 0 0
Caso #59: 1
1 0 0 0 0 0 0 0 0
Caso #60: 1
1 0 0 0 0 0 0 0 0
Caso #61: 2
2 0 0 0 0 0 0 0 0
Caso #62: 2
2 0 0 0 0 0 0 0 0
Caso #63: 1
1 0 0 0 0 0 0 0 0
Caso #64: 3
3 0 0 0 0 0 0 0 0
Caso #65: 2
2 0 0 0 0 0 0 0 0
Caso #66: 2
2 0 0 0 0 0 0 0 0
Caso #67: 1
1 0 0 0 0 0 0 0 0
Caso #68: 5
5 0 0 0 0 0 0 0 0
Caso #69: 1
1 0 0 0 0 0 0 0 0
Caso #70: 1
1 0 0 0 0 0 0 0 0
Caso #71: 3
3 0 0 0 0 0 0 0 0
Caso #72: 2
2 0 0 0 0 0 0 0 0
Caso #73: 2
2 0 0 0 0 0 0 0 0
Caso #74: 3
3 0 0 0 0 0 0 0 0
Caso #75: 0
0 0 0 0 0 0 0 0 0
Caso #76: 2
2 0 0 0 0 0 0 0 0
Caso #77: 2
2 0 0 0 0 0 0 0 0
Caso #78: 2
2 0 0 0 0 0 0 0 0
Caso #79: 1
1 0 0 0 0 0 0 0 0
Caso #80: 1
1 0 0 0 0 0 0 0 0
Caso #81: 3
3 0 0 0 0 0 0 0 0
Caso #82: 2
2 0 0 0 0 0 0 0 0
Caso #83: 2
2 0 0 0 0 0 0 0 0
Caso #84: 3
3 0 0 0 0 0 0 0 0
Caso #85: 1
1 0 0 0 0 0 0 0 0
Caso #86: 1
1 0 0 0 0 0 0 0 0
Caso #87: 1
1 0 0 0 0 0 0 0 0
Caso #88: 2
2 0 0 0 0 0 0 0 0
Caso #89: 2
2 0 0 0 0 0 0 0 0
Caso #90: 1
1 0 0 0 0 0 0 0 0
Caso #91: 2
2 0 0 0 0 0 0 0 0
Caso #92: 2
2 0 0 0 0 0 0 0 0
Caso #93: 1
1 0 0 0 0 0 0 0 0
Caso #94: 4
4 0 0 0 0 0 0 0 0
Caso #95: 2
2 0 0 0 0 0 0 0 0
Caso #96: 1
1 0 0 0 0 0 0 0 0
Caso #97: 2
2 0 0 0 0 0 0 0 0
Caso #98: 1
1 0 0 0 0 0 0 0 0
Caso #99: 2
2 0 0 0 0 0 0 0 0
Caso #100: 1
1 0 0 0 0 0 0 0 0
