11117
20261
13331
44201
33311

11117
25121
21611
53201
11171

11117
21611
44111
12071
33311

11117
30341
13331
54101
13331

11117
30431
16301
53201
11171

11117
32321
11351
54101
13331

11117
30071
34301
13421
33311

11117
31511
32411
36011
11171

11117
31601
32141
34031
13331

11117
32321
32411
35201
11171

11117
31511
41411
27011
11171

11117
41411
32411
26111
11171

11117
44111
34301
21521
11171

11117
44111
40241
13421
13331

11117
52121
13241
32411
13331

11171
14303
13313
70121
13313

11171
14303
33311
50123
13313

11171
21503
14411
42023
33113

11171
23321
33113
21503
33113

11171
30323
13313
54101
13313

11171
32303
13313
52121
13313

11171
34301
13313
50123
13313

11171
32321
33311
12107
33311

11171
33023
33113
11801
33113

11171
34301
33311
32321
11117

11243
12143
21521
44201
33113

11243
12323
23321
42221
33113

11243
12413
25013
40241
33311

11243
12503
25121
40241
33113

11243
12611
25013
40241
33113

11243
10433
62201
25013
13331

11243
24113
13313
40241
33311

11243
22133
21503
54011
13331

11243
26111
21323
50231
13313

11243
26111
21503
50051
13313

11243
32411
24113
41141
13313

11243
32411
24203
41051
13313

11243
31511
32303
14051
33113

11243
33113
30341
14411
33113

11243
32141
33113
32411
13313

11243
32411
33113
32141
13313

11243
32213
44111
21341
13313

11243
32411
44111
21143
13313

11243
41141
44111
12413
13313

11261
33113
23321
41213
13313

11261
31511
36011
32321
11117

11351
10037
34301
53201
13331

11351
12251
33203
52103
13313

11351
14033
30323
53201
13313

11351
10343
43103
24113
33311

11351
12143
43103
22511
33113

11351
13151
43103
21503
33113

11351
14411
43013
20333
33113

11351
11351
62003
24203
13313

11351
20333
14321
43103
33113

11351
26003
21323
50231
13313

11351
34211
14411
51131
11117

11351
34301
13331
52121
11117

11351
33203
30323
14033
33311

11351
34031
30323
33203
13313

11351
42221
42131
15401
11117

11351
50033
12323
35201
13313

11351
50033
14303
33203
13331

11351
50033
14321
33203
13313

11351
51203
14303
32051
13313

11423
12413
25031
40241
33113

11423
10343
33113
54011
13331

11423
16103
33113
50411
11171

11423
10163
41213
26111
33311

11423
10253
42131
25301
33113

11423
12071
43103
22511
33113

11423
12251
41231
24203
33113

11423
10163
62201
25121
13313

11423
12143
61211
24113
13331

11423
24203
13241
40241
33113

11423
24203
40241
13241
33113

11423
32213
34031
11243
33311

11423
32411
34031
11243
33113

11423
32141
41213
24113
13331

11621
10253
41213
26021
33113

11621
20261
33203
24023
33113

11621
54011
13007
32411
11171

12143
10343
23321
43103
33311

12143
11423
23321
42023
33311

12143
14321
30323
52121
13313

12143
14303
42221
20441
33113

12143
21323
13421
42221
33113

12143
21521
13421
42023
33113

12143
20441
30323
26003
33311

12143
21341
33113
22511
33113

12143
24023
31223
21521
33311

12143
22511
41141
13313
33113

12143
21143
61211
14411
13313

12143
32213
21521
43013
13331

12143
30341
30323
16103
33311

12143
30341
30323
16301
33113

12143
30341
33311
13313
33113

12143
32213
31601
13151
33113

12143
34301
30323
12143
33311

12143
36011
30323
30431
13313

12143
41141
41213
14411
13313

12161
10613
23321
43013
33113

12161
22511
15401
61031
11117

12161
24203
12503
60041
13313

12161
32411
15401
51131
11117

12161
35201
31601
32141
11117

12251
16103
30323
50231
13313

12251
24113
10613
42131
33113

12323
11171
43103
22511
33113

12323
24113
10253
42221
33311

12323
21521
31151
24113
33113

12323
24203
32141
20441
33113

12323
32213
11351
53003
13331

12323
35111
10613
53003
11171

12323
31223
31151
14411
33113

12323
34211
41231
21143
13313

12323
44111
41231
11243
13313

12323
44201
40241
12143
13313

12323
51203
13241
32141
13313

12323
51203
13313
34211
11171

12413
14411
22133
40151
33113

12413
24113
11243
61121
13331

12413
21341
21143
54011
13313

12413
31223
35201
10271
33113

12413
35201
43103
20333
11171

12611
25121
20117
53201
11171

12611
35111
11261
52121
11117

13151
12323
13313
70121
13313

13151
11243
22511
62003
13313

13151
12323
33311
50123
13313

13151
14321
30431
53201
11117

13151
14321
33311
50321
11117

13151
14411
32411
51131
11117

13151
14051
62201
21701
11117

13151
15131
61121
21701
11117

13151
22511
14411
61031
11117

13151
21143
62201
12413
13313

13151
25031
61121
11801
11117

13151
31223
12413
52121
13313

13151
32213
12323
51203
13331

13151
32213
12413
51131
13313

13151
32303
13331
50123
13313

13151
32321
13313
50123
13313

13151
32411
14411
51131
11117

13151
33203
12503
50051
13313

13151
34301
13331
50321
11117

13151
30341
33113
12503
33113

13151
30341
33311
12107
33311

13151
33203
30341
32213
13313

13151
51203
12143
32411
13313

13151
53003
10343
32411
13313

13151
53201
10343
32213
13313

13241
12143
33113
50411
13313

13241
12413
33203
50051
13313

13241
22511
43013
10343
33113

13241
33113
21341
41213
13313

13241
33311
23321
41231
11117

13241
34301
23321
40241
11117

13241
36011
20441
41411
11117

13241
32213
33113
30341
13313

13241
42023
32321
21323
13313

13241
52121
12323
31223
13313

13313
12323
13313
72101
11171

13313
13313
10181
72101
13313

13313
13313
22133
40151
33311

13313
13313
21143
61121
13331

13313
12323
33311
52103
11171

13313
13043
32303
50231
13331

13313
13241
32303
50033
13331

13313
15401
32303
50033
11171

13313
13151
41141
21503
33113

13313
21143
32141
22511
33113

13313
21503
42221
12071
33113

13313
30323
13313
54101
11171

13313
32321
13313
52103
11171

13313
33311
10181
52103
13313

13313
31223
32321
12251
33113

13313
31511
32213
12071
33113

13313
32213
33311
10271
33113

13313
31223
32321
32051
13313

13313
32213
33311
30071
13313

13313
32303
33113
30161
13331

13313
32213
42221
21143
13331

13313
33113
43103
21521
11171

13313
42023
41411
14303
11171

13313
43013
43103
11621
11171

13313
50411
14303
33023
11171

13313
51203
16103
30431
11171

13331
14321
13331
70121
11117

13331
13313
20063
62201
13313

13331
13331
21107
61121
13331

13331
21341
12107
42131
33311

13331
23321
13331
61121
11117

13331
33023
21341
41213
13313

13331
30323
33311
12143
33113

13331
31223
32303
12251
33113

13331
33023
30341
12413
33113

13331
31151
32213
32213
13313

13331
44021
33311
20441
11117

13331
51131
15131
31511
11117

13331
52301
13331
32141
11117

13421
13313
30071
52103
13313

13421
35111
12251
50321
11117

13421
30161
33203
12323
33113

13421
32213
33203
32213
11171

13421
35111
41411
21107
11171

13421
44111
32411
21107
11171

14321
12611
12071
72101
11117

14321
14411
10271
72101
11117

14321
14051
30431
52301
11117

14321
32213
10271
52103
13313

14321
32411
12071
52301
11117

14321
32411
12251
52121
11117

14321
34301
30341
32141
11117

14321
34211
41411
21107
11171

14321
41411
34301
21017
11171

14321
41411
41051
14321
11117

14321
50411
12071
34301
11117

14411
13313
61121
20063
13313

14411
32213
32213
32213
11171

14411
32141
41231
23321
11117

14411
44111
41411
11117
11171

15131
10631
20333
43013
33113

15131
10433
30323
53003
13331

15131
11027
32321
50411
13331

15131
11423
32303
50051
13313

15131
21341
32321
20117
33311

15131
21143
42221
10613
33113

15131
21701
61031
13241
11117

15131
33023
10343
50411
13313

15131
33311
12251
50411
11117

15131
30431
20333
43013
13313

15131
32321
33311
30341
11117

15131
50411
14411
31151
11117

15131
52301
13331
30341
11117

15131
55001
10631
30341
11117
