30
4 4 1 4
1 2 10
1 3 10
2 4 10
3 4 10
5 7 1 5
1 2 10
1 3 10
1 4 20
2 4 10
2 5 20
3 4 10
4 5 10
10 16 9 10
9 1 5
9 2 5
3 1 5
3 2 5
4 1 5
4 2 5
5 3 5
5 4 5
6 3 5
6 4 5
7 5 5
7 6 5
7 10 5
8 5 5
8 6 5
8 10 5
6 6 1 3
1 2 11
3 4 17
3 6 1
5 3 9
1 3 2
5 4 1
8 8 5 1
2 5 20
4 3 19
4 8 8
5 4 6
2 6 13
6 4 19
1 8 19
8 6 7
6 5 5 6
1 6 16
1 3 18
3 4 20
2 1 7
1 5 18
6 3 3 1
1 2 4
1 3 8
2 4 11
10 33 3 9
9 7 11
3 5 14
7 4 11
9 3 17
2 5 2
8 9 10
6 10 7
2 9 11
1 6 15
6 7 13
7 1 17
9 5 8
8 7 13
10 7 10
8 10 4
6 2 1
2 8 4
3 6 6
4 9 3
9 1 19
3 2 8
4 3 5
4 2 9
8 4 17
10 5 20
7 3 12
9 10 10
9 6 9
3 8 20
1 3 15
8 1 3
4 1 8
1 2 18
6 10 4 3
6 5 13
1 5 2
3 6 5
6 2 9
3 1 19
6 1 10
4 2 17
1 2 6
3 2 7
4 1 12
7 18 7 4
1 5 11
5 2 7
6 1 1
7 6 17
7 4 7
2 3 5
1 2 6
2 6 19
7 1 16
5 7 1
3 1 14
4 2 7
5 4 16
4 3 17
5 3 17
4 1 13
7 3 7
6 3 6
6 13 5 4
5 3 18
2 6 18
3 2 4
1 5 13
4 5 1
1 6 4
5 6 12
3 6 16
4 3 6
1 4 5
2 5 7
2 4 16
4 6 1
6 5 6 1
1 3 3
1 5 9
1 2 11
4 2 15
1 6 15
9 31 1 6
6 1 3
4 8 13
9 6 16
3 4 2
8 9 7
3 9 12
2 1 12
6 8 11
7 3 20
2 3 13
2 7 7
5 6 14
9 7 15
1 9 15
7 1 17
3 6 2
7 5 13
2 8 19
5 2 5
4 7 14
6 2 4
1 4 5
9 4 14
8 3 2
6 4 15
4 5 17
9 5 17
4 2 18
7 6 4
3 1 9
8 7 15
6 8 1 4
1 3 11
5 3 12
2 6 17
3 4 19
3 2 20
2 4 10
6 3 5
4 6 9
7 17 1 3
5 1 13
2 1 11
3 2 19
7 1 15
7 2 2
7 3 14
6 1 3
5 6 6
1 4 4
6 7 13
4 3 12
3 1 1
4 2 5
5 7 6
6 3 18
4 6 11
4 5 20
6 7 3 5
1 4 9
1 3 18
4 2 1
1 2 1
1 5 16
3 2 20
6 2 4
10 9 2 6
10 4 9
7 4 14
8 7 20
6 1 19
7 2 12
7 6 2
1 2 2
8 4 2
10 1 19
7 14 3 5
6 2 17
3 4 8
4 6 12
5 2 19
4 2 15
1 2 8
3 5 13
5 6 6
1 4 5
7 4 1
7 5 2
4 5 19
3 6 15
1 3 11
6 9 3 1
3 4 3
2 4 2
1 6 4
3 1 2
5 1 1
2 5 5
1 2 10
5 6 3
4 6 11
6 1 2 3
3 2 16
6 8 5 6
5 1 5
5 2 5
3 1 5
3 2 5
3 6 5
4 1 5
4 2 5
4 6 5
6 8 5 6
5 1 5
5 2 5
3 1 5
3 2 5
3 6 5
4 1 5
4 2 5
4 6 5
6 8 5 6
5 1 5
5 2 5
3 1 5
3 2 5
3 6 5
4 1 5
4 2 5
4 6 5
6 8 5 6
5 1 5
5 2 5
3 1 5
3 2 5
3 6 5
4 1 5
4 2 5
4 6 5
6 8 5 6
5 1 5
5 2 5
3 1 5
3 2 5
3 6 5
4 1 5
4 2 5
4 6 5
6 8 5 6
5 1 5
5 2 5
3 1 5
3 2 5
3 6 5
4 1 5
4 2 5
4 6 5
6 8 5 6
5 1 5
5 2 5
3 1 5
3 2 5
3 6 5
4 1 5
4 2 5
4 6 5
6 8 5 6
5 1 5
5 2 5
3 1 5
3 2 5
3 6 5
4 1 5
4 2 5
4 6 5
6 8 5 6
5 1 5
5 2 5
3 1 5
3 2 5
3 6 5
4 1 5
4 2 5
4 6 5
6 8 5 6
5 1 5
5 2 5
3 1 5
3 2 5
3 6 5
4 1 5
4 2 5
4 6 5
