20
34439
55114
10
34165
1
6
22125
14732
55643
30980
8922
108
0
46935
66536
40092
61022
27
97915
16
57674
0
19687
17163
4671
20
39672
75793
0
73310
72304
1
64005
59336
28
85112
53822
4
0
19104
100
75500
11
47328
1620
5
7
67784
60155
89610
47562
38512
62886
40027
42453
18958
8742
52778
69781
51787
2590
23363
5957
88876
98507
25902
41018
48537
8030
52620
87297
87777
28785
46352
61200
88256
28970
25468
79914
89461
30426
11355
22467
76082
72579
62116
65090
32914
24584
26180
43504
15572
99233
37028
1416
96598
11002
87394
53384
