100
1 0
26828
5 7
72824
99067
14864
26995
43064
4 5
2 3
2 4
3 5
1 3
2 5
1 2
8 21
37354
96706
85131
31989
45404
37843
30883
27191
6 8
1 7
4 7
2 5
1 2
6 7
4 6
1 4
4 8
2 6
2 8
1 3
3 5
3 6
5 6
3 4
1 5
5 7
1 6
1 8
3 8
8 26
90289
25799
94937
90742
54203
43506
46983
58042
5 7
4 7
1 4
4 8
3 4
2 3
4 5
1 3
6 8
2 8
5 6
2 5
3 8
1 5
5 8
4 6
3 5
2 7
3 7
1 7
3 6
7 8
2 4
1 6
1 2
1 8
1 0
28228
5 7
76962
96993
65688
63561
86137
2 4
3 4
4 5
3 5
1 2
1 3
2 5
1 0
63876
7 7
37821
41732
46634
17480
35489
66132
39016
2 7
1 2
2 4
5 6
1 7
2 3
1 5
4 4
54122
25516
61380
56935
2 4
2 3
1 2
1 3
6 6
10001
10002
10003
10004
10005
10006
1 2
1 6
2 3
2 4
3 5
4 5
6 9
74261
17397
61101
76198
28546
79723
1 4
3 4
3 6
3 5
2 3
4 5
1 6
1 2
2 4
4 4
10001
10002
10003
10004
1 2
1 3
2 4
3 4
3 2
23658
32913
13193
2 3
1 2
7 12
61780
27668
12254
42184
33504
15345
47694
4 5
5 7
4 6
1 3
6 7
1 4
2 7
3 4
1 7
2 5
2 3
1 2
5 7
58258
53341
51222
64059
81602
1 3
1 2
3 5
2 4
4 5
3 4
2 5
5 6
63747
54230
72750
12836
78180
1 4
1 2
1 5
2 3
1 3
4 5
1 0
68559
7 8
51488
97220
45090
74303
62834
96625
70363
3 7
3 6
1 3
2 5
6 7
2 4
5 6
1 2
7 11
80543
56460
89854
97742
69797
89315
20242
1 5
1 6
3 6
4 7
3 7
1 2
3 4
4 5
3 5
5 6
2 3
1 0
75424
1 0
69260
3 2
32126
26674
68085
1 2
1 3
6 5
88584
70701
97547
89778
69620
36779
2 3
4 6
1 5
3 4
1 2
1 0
86484
2 1
52072
83921
1 2
3 2
35453
33310
28708
2 3
1 2
3 2
29229
96206
46739
1 2
2 3
3 2
18445
42595
11192
1 3
1 2
5 4
32951
66882
66039
78746
66854
1 2
2 4
2 3
2 5
1 0
10001
7 16
71194
73390
62274
72807
51080
39700
39482
2 5
1 5
2 7
2 6
5 6
1 2
1 3
2 3
3 7
2 4
4 5
3 5
1 4
4 6
3 4
4 7
7 11
86619
10564
80559
70133
35155
27023
84956
6 7
2 5
3 6
1 2
1 7
2 3
4 7
1 3
1 4
2 4
3 4
2 1
20439
59074
1 2
7 10
31010
74444
83827
18099
90502
37717
11754
1 2
1 7
4 5
4 7
1 3
5 7
2 3
6 7
1 4
1 6
5 4
89085
59817
92221
71635
78364
3 4
1 2
1 5
1 3
8 22
88325
96706
71769
45970
90047
89784
19047
34223
2 4
1 7
7 8
5 8
1 8
2 5
6 7
4 8
1 5
4 7
5 7
1 2
3 7
2 3
6 8
4 5
1 6
3 8
3 4
2 8
1 4
1 3
8 25
81110
79621
82079
62904
85168
64318
74139
81743
4 8
3 4
3 5
5 7
1 6
2 4
3 6
6 8
1 4
5 8
3 7
4 7
4 5
2 5
2 3
1 3
1 2
7 8
6 7
1 5
3 8
5 6
2 8
2 7
4 6
4 3
54166
69363
32264
81667
3 4
2 3
1 2
1 0
14892
6 5
10001
10002
10003
10004
10005
10006
1 5
1 2
2 3
2 6
4 6
5 5
29196
87451
33047
17220
33943
1 2
1 5
1 3
3 4
2 5
6 9
45651
41913
21246
37122
12137
53209
2 6
2 3
3 6
5 6
4 5
1 3
1 4
1 5
1 2
5 4
63311
18338
29162
31396
11037
2 3
1 2
1 4
2 5
7 20
78927
68104
38737
75855
72447
84533
17272
1 7
3 6
2 5
4 6
5 6
3 7
3 5
1 5
1 6
4 5
3 4
2 6
5 7
6 7
1 4
2 7
1 2
2 3
4 7
2 4
2 1
70397
92500
1 2
5 4
10001
10002
10003
10004
10005
1 4
1 3
3 5
2 5
6 6
10001
10002
10003
10004
10005
10006
1 2
2 3
1 4
4 5
3 5
3 6
1 0
24823
8 13
10001
10002
10003
10004
10005
10006
10007
10008
1 3
1 5
1 7
3 5
3 7
5 7
2 4
2 6
2 8
4 6
4 8
6 8
3 4
1 0
21661
1 0
77248
5 5
49888
13839
46570
56083
79987
2 4
1 3
2 5
1 4
1 2
8 22
40583
57724
24406
62291
22246
16184
36503
19495
3 5
1 6
5 6
6 7
2 6
1 8
1 4
6 8
5 8
4 8
4 5
2 3
4 7
2 4
4 6
3 4
2 5
1 5
1 2
5 7
2 7
3 7
5 8
39410
24413
54366
60415
47441
1 3
3 4
1 2
2 5
4 5
2 3
1 5
2 4
4 4
95883
87000
23255
83679
3 4
2 3
1 3
1 2
8 26
13756
93980
94844
21347
78280
89702
36125
47582
6 7
2 8
3 5
3 8
5 6
1 3
2 5
2 6
1 2
4 6
2 4
2 7
3 7
1 6
4 7
1 7
1 8
1 5
3 4
1 4
5 8
2 3
4 8
6 8
4 5
5 7
7 10
67665
94466
65591
45135
69818
92187
58870
5 6
3 4
4 7
1 3
1 2
3 5
1 7
4 5
1 5
2 6
5 6
10001
10002
10003
10004
10005
1 2
2 5
3 5
1 3
1 4
2 4
3 2
36171
65032
55036
1 3
1 2
5 5
36642
28444
50012
29651
10953
1 2
1 4
2 3
2 5
4 5
5 8
85119
63871
35610
86594
38707
1 5
1 4
3 5
2 5
4 5
1 2
1 3
3 4
4 3
10001
10002
10003
10004
1 2
1 3
2 4
1 0
91298
1 0
81215
2 1
45762
35622
1 2
3 2
17798
78931
54918
1 2
1 3
6 13
80097
62604
40233
33891
85851
25229
3 4
2 5
1 2
5 6
1 3
1 4
4 5
2 3
3 6
4 6
2 4
2 6
1 5
2 1
59343
31414
1 2
7 16
27509
78757
39063
66516
36330
84810
92493
1 5
3 5
1 7
3 7
4 6
1 2
3 4
5 7
1 4
2 6
2 4
6 7
1 3
2 5
2 3
4 7
8 8
61037
45511
11238
77948
94858
24778
69301
80876
1 4
6 7
1 6
7 8
1 2
3 5
1 3
3 7
6 7
10001
10002
10003
10004
10005
10006
1 2
2 3
1 4
4 5
3 5
3 6
2 6
2 1
23996
80911
1 2
5 4
76024
77317
24204
31076
29453
1 3
2 4
1 5
1 2
2 1
26326
69425
1 2
3 2
99456
35029
89522
1 2
1 3
6 9
25253
49946
66760
39470
81521
49442
1 2
1 4
1 5
1 6
5 6
3 4
1 3
3 5
4 6
1 0
82662
3 2
32321
64239
42073
1 3
1 2
8 16
17664
26707
59850
68665
44713
12028
69628
16843
1 2
1 8
2 4
4 7
4 5
6 7
3 8
2 3
2 7
2 6
4 6
1 5
2 5
7 8
5 8
1 4
1 0
26075
3 2
57623
27675
37944
2 3
1 2
8 20
95321
91638
99303
70136
33500
81600
43489
41226
1 5
1 8
7 8
6 7
4 6
3 5
3 8
2 3
4 7
2 4
2 8
2 7
1 2
6 8
1 7
3 7
3 4
4 8
3 6
2 5
8 21
12554
37866
99332
72038
31220
62992
14451
35273
4 6
4 7
2 3
4 5
1 3
2 5
1 5
2 4
1 6
1 4
5 7
4 8
2 8
1 2
5 8
2 6
3 8
6 8
3 5
2 7
1 7
3 2
10001
20000
10000
1 2
2 3
7 19
13085
90831
25692
99111
86747
98227
54494
2 5
2 6
2 7
1 6
1 2
6 7
2 3
3 6
1 4
5 6
3 5
1 5
4 7
1 7
3 7
2 4
4 5
5 7
1 3
4 3
79206
89252
92407
97314
1 4
1 3
1 2
3 2
95299
20520
52629
1 2
2 3
8 26
83921
59228
54130
13307
51939
99670
98235
78834
4 6
1 8
1 7
4 7
5 6
6 7
2 4
3 5
1 6
2 5
6 8
2 6
1 3
2 8
1 5
3 8
1 4
4 5
3 6
5 7
5 8
1 2
2 3
3 7
7 8
4 8
7 17
80619
21493
96507
68047
12009
91110
12923
3 7
1 4
3 4
1 2
4 6
1 6
4 5
3 6
1 5
2 3
1 7
5 7
2 6
1 3
5 6
2 4
6 7
4 4
67350
73125
51961
69919
1 4
2 4
2 3
1 2
7 15
13961
81119
14404
36639
56897
31344
61569
5 6
6 7
2 6
5 7
3 4
1 7
1 6
3 6
2 5
1 2
2 4
4 7
2 7
2 3
1 5
6 14
68320
32614
17719
44066
77885
88272
5 6
2 4
1 2
3 4
3 6
3 5
2 5
1 6
1 3
4 6
1 5
2 3
2 6
1 4
7 16
46314
24229
59655
77256
27530
47457
11556
2 3
2 5
1 4
4 6
2 7
3 6
6 7
2 6
5 7
3 4
1 6
4 7
1 2
3 5
1 7
5 6
7 11
94719
57339
29761
99026
85161
61493
52012
2 5
5 6
4 6
1 3
3 7
2 6
1 2
3 5
4 7
3 4
1 7
8 9
10001
10002
10003
10004
10005
10006
10007
10008
1 3
3 5
5 7
1 7
2 4
4 6
6 8
2 8
3 4
2 1
10001
10002
1 2
4 5
93189
61862
77460
20604
1 4
3 4
1 2
1 3
2 4
1 0
19337
5 4
36642
28444
50012
29651
10953
1 4
2 3
2 5
4 5
8 28
10001
10002
10003
10004
10005
10006
10007
10008
1 2
1 3
1 4
1 5
1 6
1 7
1 8
2 3
2 4
2 5
2 6
2 7
2 8
3 4
3 5
3 6
3 7
3 8
4 5
4 6
4 7
4 8
5 6
5 7
5 8
6 7
6 8
7 8
