100
10 558
366 296 20 183 400 89 248 25 483 36
4 377
173 168 333 263
10 325
300 249 298 190 103 248 292 121 239 195
6 519
318 97 267 264 379 362
2 641
506 37
8 446
334 121 20 236 334 54 121 20
10 301
86 256 35 241 159 242 246 221 3 178
10 673
200 170 470 221 115 48 560 426 561 171
10 152
90 58 2 146 80 133 122 58 52 147
10 700
1 1 1 1 1 1 1 1 1 1
10 451
165 317 50 165 17 231 317 231 359 50
8 362
168 199 333 262 308 318 131 159
5 676
434 434 443 443 434
2 672
460 621
10 111
91 88 18 54 99 91 38 51 87 53
10 688
517 171 538 235 484 453 91 204 150 597
10 695
407 21 345 374 467 492 176 351 638 256
8 392
188 230 150 316 232 330 252 194
5 553
441 512 428 544 468
10 700
656 653 66 526 386 403 527 81 243 416
10 89
59 27 63 55 34 80 85 29 40 38
10 474
103 55 356 449 81 146 321 387 378 9
8 366
147 147 263 263 72 166 72 72
3 172
142 151 24
7 681
228 228 129 129 398 129 398
10 11
6 2 9 2 7 1 2 7 3 6
10 512
50 410 243 453 499 323 78 254 393 77
1 120
79
10 438
93 18 6 93 6 318 249 6 93 88
10 384
245 278 3 56 247 275 301 40 250 300
7 558
213 524 218 363 477 395 410
2 89
78 23
10 138
116 132 13 27 59 114 92 24 88 29
1 648
486
10 581
263 262 341 320 229 52 415 41 277 80
6 636
425 432 204 623 211 13
3 639
519 557 609
8 679
367 437 645 309 479 399 466 622
10 70
64 15 19 2 15 56 56 52 7 69
10 508
84 384 436 313 368 155 318 363 148 387
10 643
426 601 490 515 429 419 304 430 308 322
6 451
299 299 152 152 392 59
5 448
423 423 423 116 116
1 675
616
6 642
166 476 51 558 591 84
10 616
209 487 179 119 433 280 334 325 56 425
6 516
254 194 357 502 478 254
10 72
20 1 3 3 28 10 49 1 41 67
5 531
252 252 252 444 105
10 190
162 138 162 36 87 63 68 117 94 141
8 317
102 295 112 230 216 88 206 23
4 502
222 268 314 177
10 307
269 82 121 283 302 116 209 11 81 50
10 495
161 37 457 272 217 334 237 68 345 98
9 243
141 218 209 227 167 157 93 154 211
6 569
206 326 253 356 503 505
10 107
15 30 75 90 38 34 73 50 90 40
10 334
101 311 5 237 238 303 28 113 167 273
10 8
8 7 4 4 7 8 5 8 2 5
6 209
137 161 20 26 163 118
10 194
167 81 112 122 120 34 81 176 180 186
10 340
148 149 93 250 186 37 223 45 241 213
5 668
214 130 619 9 370
10 584
339 244 284 130 424 230 576 82 281 576
6 699
358 255 551 240 135 116
6 339
266 280 180 306 325 314
5 690
285 363 450 292 280
1 499
405
3 539
503 64 3
10 644
601 606 41 67 490 385 458 117 173 173
3 166
86 112 90
6 603
483 51 121 74 553 530
10 175
163 142 115 60 74 158 12 101 33 17
4 261
179 261 227 177
7 357
282 136 126 230 279 220 129
10 1
1 1 1 1 1 1 1 1 1 1
9 469
247 84 216 247 321 321 247 84 84
8 98
34 53 29 73 64 69 45 25
10 570
444 350 3 317 329 531 454 484 124 118
10 183
122 180 165 148 35 121 18 3 62 61
7 482
366 338 194 462 167 318 325
10 644
267 49 469 569 173 441 165 38 544 234
10 463
88 141 27 375 208 438 255 436 322 25
8 384
133 161 258 331 188 163 350 303
4 324
163 166 122 114
10 24
24 13 22 24 14 9 7 23 1 11
10 47
4 11 9 28 2 15 35 9 1 17
10 258
164 189 188 116 161 243 248 183 131 158
3 349
131 296 249
8 305
268 235 224 267 208 237 230 265
7 47
29 38 4 19 2 21 36
6 500
56 490 102 495 42 149
10 419
397 317 408 387 297 293 390 285 338 385
8 214
168 3 69 179 211 35 145 46
5 139
138 136 66 90 61
5 355
250 94 94 261 250
7 426
184 252 307 202 147 369 205
10 229
167 152 158 120 204 196 39 54 178 191
8 316
211 301 252 15 105 64 66 250
9 340
217 230 140 114 165 337 201 153 283
