10
21 8
22417 75961 19769 28216 34093 78188 43995 10684 29525 92111 76523 60857 9034 77315 94252 66889 68023 86132 42702 4861 90153
21 8
39160 62418 12920 20075 62787 52616 98449 2914 61783 20866 16701 19378 86909 50794 97567 68730 61478 64918 60840 75827 25774
21 1
90969 57853 74589 96818 43984 55118 1678 71964 54738 40839 34381 5484 98741 97168 95927 97189 81 57710 18054 54610 14914
21 7
5403 50307 11518 4708 53052 10184 80535 78826 17885 9329 74505 30300 6147 56316 23244 7825 28279 77982 86491 486 83467
21 3
97654 79393 82420 35561 74929 38300 90171 27670 81090 33401 77977 30434 75936 31028 40619 94297 47681 96331 3626 60012 64457
21 5
54154 87702 55425 20259 3509 41916 20745 24802 27146 56225 42022 47392 91787 16950 85693 19783 82447 4608 91011 98251 72869
21 2
67105 51314 61243 52612 47644 2695 12624 49928 12468 4604 37629 5719 24864 41138 47635 45609 65941 12608 1834 45789 97827
21 3
565 21345 89057 83013 25953 80068 81263 36649 84840 48367 87963 46082 38806 35607 86604 51430 23361 36898 56034 60990 42618
21 4
39954 90253 64334 43721 40687 3994 89510 38514 73268 90076 59859 62324 73088 23639 42391 92177 60288 65058 78370 48250 11139
21 1
21683 97744 6431 45044 34641 292 43860 15085 19016 83815 43165 21176 65362 83852 62997 54872 60192 36264 82774 57878 98589
